192168001002217012009059394040008000000000000000006820000002006
192168001002217012009059394050008000000000000000006820000002006
192168001002217012009059394060008000000000000000006860000008628
192168001002202043206029554230008000000000000000005290000000459
192168001002121101158176608910008000000000000000014930000000488
192168001002202043206029554230008000000000000000005290000000459
192168001002077072113027430790008000000000000000007300000000441
192168001002077072113027430790008000000000000000007300000000441
192168001002202086006175431760008000000000000000006290000002830
192168001002202086006175431750008000000000000000006490000004157
192168001002202086006175431770008000000000000000006390000003616
192168001002069004231052395110008000000000000000006180000000342
192168001002217012009059394180008000000000000000006820000002078
192168001002210212026025502930008000001133000000008340000000469
192168001002217012009059394190008000000000000000006820000002058
192168001002217012009059594020008000000000000000006820000002058
192168001002217012009059594030008000000000000000006820000002058
192168001002080086083193430590008000000000000000001850000001360
192168001002217012009059594070008000000000000000006820000002058
192168001002217012009059594080008000000000000000006820000002058
192168001002210212026019545500008000001133000000028870000044725
192168001002074125098085517590008000000000000000009130000000489
192168001002217012009059594090008000000000000000006820000002058
192168001002217012009059594100008000000000000000006820000002058
192168001002217012009059594110008000000000000000006820000002058
192168001002217012009059594120008000000000000000006820000002058
192168001002217012009059594130008000000000000000006820000002058
192168001002217012009059594140008000000000000000006820000002058
192168001002209085153113374230008000000000000000011060000000495
192168001002217012009059366220008000000000000000006820000002058
192168001002217012009059366230008000000000000000006820000002058
192168001002080086083193394070008000000000000000001850000001360
192168001002217012009059366250008000000000000000006820000002058
192168001002217012009059366260008000000000000000006820000002058
192168001002217012009059366270008000000000000000006820000002058
192168001002217012009059366280008000000000000000006820000002058
192168001002217012009059366290008000000000000000006820000002058
192168001002217012009059366300008000000000000000006820000002058
192168001002217012009059366310008000000000000000006820000002058
192168001002217012009059366320008000000000000000006820000002058
192168001002217012009059377140008000000000000000006820000002058
192168001002091189088040548940008000000000000000032960000164253
192168001002217012009059377150008000000000000000006820000002058
192168001004199007051072551810008000000001000000006850000001513
192168001004199007051072551810008000000001000000006850000001513
192168001004074125019100528280008000000025000000013040000000316
192168001004212058226079398140008000000024000000013160000028640
192168001004063245209093598310008000000024000000007320000000722
192168001004063245209093598300008000000025000000007660000000678
192168001004209085153148424250008000000110000000007090000000744
192168001004074125019100528290008000000047000000013050000000316
192168001004216034181060366560008000000014000000007090000001266
192168001004069004231052602680008000000014000000011870000000516
192168001004069004231052602670008000000014000000011840000000516
192168001004069004231052602660008000000014000000011800000000516
192168001004069004231052602650008000000014000000022300000000996
192168001004069004231052602640008000000014000000022310000000998
192168001004069004231052602690008000000014000000006290000000298
192168001004072014213085497440008000000121000000005910000002362
192168001004072014213086461340008000000121000000005920000002106
192168001004072014213086461330008000000121000000006110000002271
192168001004072014213086461310008000000121000000006110000002438
192168001004072014213085497470008000000136000000010220000001708
192168001004072014213086461400008000000136000000005720000002039
192168001004072014213086461350008000000136000000006350000003460
192168001004203190124024496860008000000001000000009110000000060
192168001004208091135071472040008000000027000000094680000037078
192168001004208091135071472030008000000028000000074350000062532
192168001004208091135071472070008000000023000000069270000027666
192168001004208091135071472050008000000027000000100300000126110
192168001004208091135071472080008000000023000000071160000025857
192168001004208091135071472060008000000023000000071660000026685
192168001004209085153118537840008000000180000000005950000003203
192168001004209085153100526470008000000032000000012960000000449
192168001004209085153102379540008000000233000000010150000000226
192168001004209085153104424730008000000238000000021370000005251
192168001004074125098099434790008000000066000000012960000012926
192168001004209085153102390600008000000241000000013410000000661
192168002004209062182034370950008000000002000000006410000000060
192168002004209062182034370960008000000001000000006400000000060
192168002004209062182034370970008000000001000000006400000000060
192168002004209062182034371040008000000002000000007080000000060
192168002004209062182034371220008000000007000000006550000000060
192168002004095143193023461690008000000092000000012130000013939
192168002004095143193023461690008000000093000000012330000013939
192168002004095143193023461690008000000096000000012330000013959
192168002004064001016014423200008000000023000000023950000120926
192168002004064001016014423220008000000016000000009280000001929
192168002004074125098086576660008000000074000000031630000002827
192168002004209085231118566170008000000258000000010840000002922
192168002004209085231118566150008000000258000000020620000004890
192168002004209085231118566160008000000258000000010660000003584
192168002004205166076053533730008000000034000000005670000000599
192168002004205166076053533730008000000034000000005670000000619
192168002004205166076053533740008000000035000000006100000000340
192168002004205166076053533740008000000038000000006100000000360
192168002004205166076026568670008000000030000000030300000157150
192168002004209085231118566180008000000438000000016430000007650
192168002004209085231118566070008000000446000000016620000010083
192168002004209085231118566060008000000446000000016620000008632
192168002004205166076026568680008000000208000000080910000037023
192168002004205166076026568690008000000209000000091350000041767
192168002004205166076026568680008000000209000000080910000037043
192168002004209085231149433270008000000263000000006700000000325
192168002004199007071072445060008000000002000000006810000001983
192168002004199007071072445060008000000002000000006810000001983
192168002004064090191122608510008000000028000000012430000013988
192168002004204044062096420980008000000016000000017090000016719
192168002004068233172010474980008000000083000000027690000014266
192168002004068233172010475000008000000079000000007030000008065
192168002004068233172010475030008000000079000000006310000001559
192168002004068233172010475040008000000079000000006310000001614
192168002004068233172010475010008000000079000000011310000001837
192168002004068233172010475020008000000079000000006070000001302
192168002004068233172011351270008000000083000000019510000012681
192168002004068233172011351250008000000083000000021730000022837
192168002004068233172011351260008000000083000000016620000027151
192168002004068233172011351240008000000099000000046710000039920
192168002004064090191122387570008000000030000000008640000012928
192168002004081171111247370060008000000015000000012880000003587
192168002004091121005064472250008000000020000000014450000002948
192168002004088191082011470840008000000015000000018450000002076
192168002004072005124114417670008000000015000000010370000001408
192168002004174036030067594390008000000015000000014320000004748
192168002004199007050072489920008000000001000000006790000001908
192168002004199007050072489920008000000001000000006790000001908
192168002004091189088030346970008000000021000000089170000600144
192168002004091189089031432030008000000055000000008960000034722
192168002003098136113170370910008000000000000000008300000000265
192168002003067202094094394720008000000001000000004860000000060
192168002003067202094094394730008000000000000000004860000000060
192168002003098136113170370960008000000001000000008300000000285
192168002003067202094094394770008000000001000000004860000000060
192168002003067202094094394780008000000000000000004860000000060
192168002003067202094094586570008000000001000000004860000000060
192168002003067202094094586580008000000000000000004860000000060
192168002003067202094094586590008000000001000000004860000000060
192168002003067202094094586600008000000000000000004860000000060
192168002003067202094094586610008000000001000000004860000000060
192168002003067202094094586620008000000001000000004860000000060
192168002003067202094094586630008000000001000000004860000000060
192168002003067202094094586640008000000001000000004860000000060
192168002003067202094094586650008000000001000000004860000000060
192168002003067202094094586660008000000001000000004860000000060
192168002003038102136138571930008000000001000000003580000002924
192168002003038102136138571940008000000002000000003910000007190
192168002003067202094094383060008000000001000000004860000000060
192168002003067202094094383070008000000001000000004860000000060
192168002003067202094094383100008000000001000000004860000000060
192168002003067202094094383110008000000001000000004860000000060
192168002003168143162052424820044300000098000000009360000000120
192168002003067202094094383120008000000001000000004860000000060
192168002003067202094094383130008000000001000000004860000000060
192168002003067202094094383140008000000001000000004860000000060
192168002003067202094094383150008000000001000000004860000000060
192168002003067202094094383220008000000001000000004860000000060
192168002003067202094094383220008000000001000000004860000000060
192168002003067202094094383230008000000001000000004860000000060
192168002003067202094094383230008000000001000000004860000000060
192168002003067202094094372240008000000001000000004860000000060
192168002003067202094094372240008000000001000000004860000000060
192168002003067202094094372260008000000001000000004860000000060
192168002003067202094094372260008000000001000000004860000000060
192168002003067202094094372350008000000001000000004860000000060
192168002003067202094094372350008000000001000000004860000000060
192168002003067202094094372370008000000001000000004860000000060
192168002003067202094094372370008000000001000000004860000000060
192168002003209085231118382230008000000001000000010240000003657
192168002003209085231118382230008000000001000000010240000003657
192168002003074125127085505170008000000002000000013950000004302
192168002003074125127085505170008000000002000000013950000004302
192168002003209085231118382230008000000001000000010440000003657
192168002003209085231118382230008000000001000000010440000003657
192168002003209085231118382230008000000001000000010440000003677
192168002003209085231118382230008000000001000000010440000003677
192168002003209085231095582100044300000065000000013710000000842
192168002003209085231095582100044300000065000000013710000000842
192168002003209085231189600960044300000143000000020290000000724
192168002003209085231189600960044300000143000000020290000000724
192168002003209085231118382250008000000002000000010040000002947
192168002003209085231118382250008000000002000000010040000002947
192168002003209085231118382240008000000002000000010040000002752
192168002003209085231118382240008000000002000000010040000002752
192168002003074125127085505260008000000005000000007610000002819
192168002003074125127085505260008000000005000000007610000002819
192168002003074125127085505300008000000006000000007600000002355
192168002003074125127085505300008000000006000000007600000002355
192168002003074125127085505330008000000006000000007370000002016
192168002003074125127085505330008000000006000000007370000002016
192168002003074125127085505470008000000007000000007180000002101
192168002003074125127085505420008000000007000000007370000002347
192168002003074125127085505470008000000007000000007180000002101
192168002003074125127085505420008000000007000000007370000002347
192168002003074125127085505280008000000030000000013980000003558
192168002003074125127085505280008000000030000000013980000003558
192168002003074125127085505450008000000031000000007370000002066
192168002003074125127085505450008000000031000000007370000002066
192168002003209085231191520220008000000002000000018140000003244
192168002003209085231191520220008000000002000000018140000003244
192168002003074125127085505440008000000033000000007180000001759
192168002003074125127085505440008000000033000000007180000001759
192168002003074125127085505480008000000034000000007370000003073
192168002003074125127085505480008000000034000000007370000003073
192168002003209085231191520260008000000002000000008200000000321
192168002003209085231191520260008000000002000000008200000000321
192168002003067202094094372980008000000001000000004860000000060
192168002003067202094094372980008000000001000000004860000000060
192168002003067202094094373000008000000001000000004860000000060
192168002003067202094094373000008000000001000000004860000000060
192168002003074125127086364750008000000059000000019710000002801
192168002003074125127086364750008000000059000000019710000002801
192168002003074125127086364810008000000059000000013980000003659
192168002003074125127086364810008000000059000000013980000003659
192168002003074125127086364790008000000059000000007610000002024
192168002003074125127086364790008000000059000000007610000002024
192168002003074125127086364960008000000059000000007170000001644
192168002003074125127086364960008000000059000000007170000001644
192168002003074125127086364930008000000059000000007170000001358
192168002003074125127086364930008000000059000000007170000001358
192168002003209085153087601030008000000005000000012860000000588
192168002003209085153087601060008000000005000000012920000000746
192168002003209085153087601140008000000005000000012960000000744
192168002003209085153087601130008000000005000000012940000000735
192168002003209085153087601050008000000005000000012960000000985
192168002003209085153087601070008000000005000000012940000000583
192168002003209085153087601030008000000005000000012860000000588
192168002003209085153087601060008000000005000000012920000000746
192168002003209085153087601140008000000005000000012960000000744
192168002003209085153087601130008000000005000000012940000000735
192168002003209085153087601050008000000005000000012960000000985
192168002003209085153087601070008000000005000000012940000000583
192168002003209085153087601090008000000005000000012980000000805
192168002003209085153087601090008000000005000000012980000000805
192168002003209085153087601100008000000006000000012920000000727
192168002003209085153087601110008000000006000000012860000000609
192168002003209085153087601020008000000006000000024850000000806
192168002003209085153087601100008000000006000000012920000000727
192168002003209085153087601110008000000006000000012860000000609
192168002003209085153087601020008000000006000000024850000000806
192168002003209085153085375290008000000033000000012900000000758
192168002003209085153085375320008000000033000000019260000001013
192168002003209085153085375330008000000033000000019290000000914
192168002003209085153085375290008000000033000000012900000000758
192168002003209085153085375320008000000033000000019260000001013
192168002003209085153085375330008000000033000000019290000000914
192168002003209085153085375340008000000044000000019470000000749
192168002003209085153085375340008000000044000000019470000000749
192168002003067202094094373440008000000001000000004860000000060
192168002003067202094094373440008000000001000000004860000000060
192168002003067202094094373450008000000001000000004860000000060
192168002003067202094094373450008000000001000000004860000000060
192168002003067202094094373480008000000001000000004860000000060
192168002003067202094094373480008000000001000000004860000000060
192168002003067202094094373490008000000001000000004860000000060
192168002003067202094094373490008000000001000000004860000000060
192168002003074125127085505770008000000121000000006420000007636
192168002003074125127085505770008000000121000000006420000007636
192168002003065049046048493360008000000001000000002040000000782
192168002003065049046048493360008000000001000000002040000000782
192168002003065049046040442490008000000001000000004810000001043
192168002003065049046040442490008000000001000000004810000001043
192168002003065049046040591940008000000001000000001970000000298
192168002003065049046040591940008000000001000000001970000000298
192168002003065049046040442510008000000001000000005070000002924
192168002003065049046040442510008000000001000000005070000002924
192168002003065049046040591970008000000001000000006810000002577
192168002003065049046040591970008000000001000000006810000002577
192168002003065049046040591980008000000003000000010170000022832
192168002003065049046040591980008000000003000000010170000022832
192168002003065049046040592000008000000000000000007280000001720
192168002003065049046040592000008000000000000000007280000001720
192168002003065049046040592010008000000000000000007120000000509
192168002003065049046040592010008000000000000000007120000000509
192168002003065049046040592020008000000001000000007340000001728
192168002003065049046040592020008000000001000000007340000001728
192168002003065049046040592030008000000002000000012500000041318
192168002003065049046040592030008000000002000000012500000041318
192168002003065049046040592060008000000000000000007050000000427
192168002003065049046040592060008000000000000000007050000000427
192168002003065049046040592080008000000001000000007140000000764
192168002003065049046040592080008000000001000000007140000000764
192168002003065049046040592090008000000001000000007620000002389
192168002003065049046040592090008000000001000000007620000002389
192168002003065049046040592070008000000001000000007310000002924
192168002003065049046040592070008000000001000000007310000002924
192168002003065049046040592110008000000000000000007420000001193
192168002003065049046040592110008000000000000000007420000001193
192168002003065049046040592040008000000001000000008260000010034
192168002003065049046040592040008000000001000000008260000010034
192168002003065049046040592050008000000001000000008260000010034
192168002003065049046040592050008000000001000000008260000010034
192168002003065049046040592100008000000003000000012150000037052
192168002003065049046040592100008000000003000000012150000037052
192168002003216137055217347670008000000126000000005260000001982
192168002003216137055217347710008000000126000000005280000002011
192168002003216137055217347720008000000126000000005430000002190
192168002003216137055217347690008000000126000000009970000004900
192168002003216137055217347670008000000126000000005260000001982
192168002003216137055217347710008000000126000000005280000002011
192168002003216137055217347720008000000126000000005430000002190
192168002003216137055217347690008000000126000000009970000004900
192168002003216137055217347680008000000126000000005330000002847
192168002003216137055217347680008000000126000000005330000002847
192168002003216137055248416320008000000132000000005530000003291
192168002003216137055248416320008000000132000000005530000003291
192168002003216137055217347700008000000126000000005520000003137
192168002003216137055217347700008000000126000000005520000003137
192168002003067202094094600940008000000001000000004860000000060
192168002003067202094094600940008000000001000000004860000000060
192168002003067202094094600950008000000001000000004860000000060
192168002003067202094094600950008000000001000000004860000000060
192168002003065049046048450850008000000001000000002200000001091
192168002003065049046048450850008000000001000000002200000001091
192168002003209085231191520210008000000254000000008770000015313
192168002003209085231191520210008000000254000000008770000015313
192168002003067202094094601000008000000001000000004860000000060
192168002003067202094094601000008000000001000000004860000000060
192168002003067202094094601010008000000001000000004860000000060
192168002003067202094094601010008000000001000000004860000000060
192168002003209085153085375250008000000255000000012920000000642
192168002003209085153085375210008000000255000000031430000001026
192168002003209085153085375250008000000255000000012920000000642
192168002003209085153085375210008000000255000000031430000001026
192168002003067202094094601020008000000001000000004860000000060
192168002003067202094094601020008000000001000000004860000000060
192168002003209085231101599300008000000001000000005490000000337
192168002003209085231101599300008000000001000000005490000000337
192168002003092240234118500830008000000005000000005670000011987
192168002003092240234118500830008000000005000000005670000011987
192168002003092240234118500840008000000006000000006740000035555
192168002003092240234118500840008000000006000000006740000035555
192168002003038102136138362720008000000001000000003780000002924
192168002003038102136138362720008000000001000000003780000002924
192168002003038102136138362730008000000002000000004110000007190
192168002003038102136138362730008000000002000000004110000007190
192168002003038102136138345420008000000001000000003580000002924
192168002003038102136138345420008000000001000000003580000002924
192168002003038102136138345430008000000002000000003910000007190
192168002003038102136138345430008000000002000000003910000007190
